WARNING: for repeatability, setting FPU to use double precision
============================[ Problem Statistics ]=============================
|                                                                             |
|  Number of variables:           150                                         |
|  Number of clauses:            1500                                         |
|  Parse time:                   0.00 s                                       |
|  Simplification time:          0.00 s                                       |
|                                                                             |
============================[ Search Statistics ]==============================
| Conflicts |          ORIGINAL         |          LEARNT          | Progress |
|           |    Vars  Clauses Literals |    Limit  Clauses Lit/Cl |          |
===============================================================================
|       100 |     150     1500     6000 |      550      100     20 |  0.004 % |
|       250 |     150     1500     6000 |      605      250     22 |  0.004 % |
|       475 |     150     1500     6000 |      665      475     22 |  0.004 % |
|       812 |     150     1500     6000 |      732      466     19 |  0.004 % |
|      1318 |     150     1500     6000 |      805      593     18 |  0.004 % |
|      2077 |     150     1500     6000 |      885      507     17 |  0.004 % |
|      3216 |     150     1500     6000 |      974      724     17 |  0.004 % |
|      4924 |     150     1500     6000 |     1071      928     18 |  0.004 % |
|      7486 |     150     1500     6000 |     1178      747     16 |  0.004 % |
|     11330 |     150     1500     6000 |     1296      999     17 |  0.004 % |
|     17096 |     150     1500     6000 |     1426      819     17 |  0.004 % |
|     25745 |     150     1500     6000 |     1569      745     17 |  0.004 % |
|     38719 |     150     1500     6000 |     1726      950     17 |  0.004 % |
|     58180 |     150     1500     6000 |     1898     1140     19 |  0.004 % |
|     87372 |     150     1500     6000 |     2088     1415     18 |  0.004 % |
|    131161 |     150     1500     6000 |     2297     1786     18 |  0.004 % |
|    196845 |     150     1500     6000 |     2527     2280     19 |  0.004 % |
|    295371 |     150     1500     6000 |     2779     2266     18 |  0.004 % |
|    443160 |     150     1500     6000 |     3057     2515     18 |  0.004 % |
|    664843 |     150     1500     6000 |     3363     1790     19 |  0.004 % |
|    997368 |     150     1500     6000 |     3700     3317     18 |  0.004 % |
|   1496156 |     150     1500     6000 |     4070     2000     19 |  0.004 % |
|   2244338 |     150     1500     6000 |     4477     3681     19 |  0.004 % |
|   3366612 |     150     1500     6000 |     4924     3282     19 |  0.004 % |
|   5050023 |     150     1500     6000 |     5417     4370     17 |  0.004 % |
|   7575139 |     150     1500     6000 |     5959     4126     18 |  0.004 % |
|  11362814 |     150     1500     6000 |     6554     3482     17 |  0.004 % |
|  17044326 |     150     1500     6000 |     7210     4567     18 |  0.004 % |
|  25566595 |     150     1500     6000 |     7931     4383     18 |  0.004 % |
|  38349998 |     150     1500     6000 |     8724     7853     18 |  0.004 % |
|  57525103 |     150     1500     6000 |     9597     4846     17 |  0.004 % |
===============================================================================
restarts              : 85432
conflicts             : 65763643       (53495 /sec)
decisions             : 77513578       (0.00 % random) (63053 /sec)
propagations          : 1670099599     (1358538 /sec)
conflict literals     : 1300132115     (17.30 % deleted)
Memory used           : 12.00 MB
CPU time              : 1229.34 s

INDETERMINATE
