WARNING: for repeatability, setting FPU to use double precision
============================[ Problem Statistics ]=============================
|                                                                             |
|  Number of variables:           150                                         |
|  Number of clauses:            2000                                         |
|  Parse time:                   0.00 s                                       |
|  Simplification time:          0.00 s                                       |
|                                                                             |
============================[ Search Statistics ]==============================
| Conflicts |          ORIGINAL         |          LEARNT          | Progress |
|           |    Vars  Clauses Literals |    Limit  Clauses Lit/Cl |          |
===============================================================================
|       100 |     150     2000     8000 |      733      100     18 |  0.004 % |
|       250 |     150     2000     8000 |      806      250     18 |  0.004 % |
|       475 |     150     2000     8000 |      887      475     18 |  0.004 % |
|       812 |     150     2000     8000 |      976      812     18 |  0.004 % |
|      1318 |     150     2000     8000 |     1073      820     17 |  0.004 % |
|      2077 |     150     2000     8000 |     1181     1025     17 |  0.004 % |
|      3216 |     150     2000     8000 |     1299      965     16 |  0.004 % |
|      4924 |     150     2000     8000 |     1429      685     16 |  0.004 % |
|      7486 |     150     2000     8000 |     1571     1066     17 |  0.004 % |
|     11330 |     150     2000     8000 |     1729      920     17 |  0.004 % |
|     17096 |     150     2000     8000 |     1902     1436     17 |  0.004 % |
|     25745 |     150     2000     8000 |     2092     1429     16 |  0.004 % |
|     38719 |     150     2000     8000 |     2301     1675     16 |  0.004 % |
|     58180 |     150     2000     8000 |     2531     1358     16 |  0.004 % |
|     87372 |     150     2000     8000 |     2784     2434     16 |  0.004 % |
|    131161 |     150     2000     8000 |     3063     2697     17 |  0.004 % |
|    196845 |     150     2000     8000 |     3369     1992     16 |  0.004 % |
|    295371 |     150     2000     8000 |     3706     2071     16 |  0.004 % |
|    443160 |     150     2000     8000 |     4077     2383     16 |  0.004 % |
|    664843 |     150     2000     8000 |     4484     2483     16 |  0.004 % |
|    997368 |     150     2000     8000 |     4933     3506     16 |  0.004 % |
|   1496156 |     150     2000     8000 |     5426     3921     17 |  0.004 % |
|   2244338 |     150     2000     8000 |     5969     5115     14 |  0.004 % |
|   3366612 |     150     2000     8000 |     6566     3281     16 |  0.004 % |
|   5050023 |     150     2000     8000 |     7223     5637     16 |  0.004 % |
|   7575139 |     150     2000     8000 |     7945     4385     14 |  0.004 % |
|  11362814 |     150     2000     8000 |     8739     6014     16 |  0.009 % |
|  17044326 |     150     2000     8000 |     9613     7369     15 |  0.004 % |
===============================================================================
restarts              : 32767
conflicts             : 23480882       (51416 /sec)
decisions             : 27469981       (0.00 % random) (60150 /sec)
propagations          : 548136379      (1200243 /sec)
conflict literals     : 388488027      (19.00 % deleted)
Memory used           : 11.00 MB
CPU time              : 456.688 s

INDETERMINATE
